0 0
1 5
2 6
3 7
4 9
5 10
6 10
7 11
8 12
9 13
10 13
11 14
12 16
13 17
14 18
15 18
16 19
17 20
18 20
19 22
20 23
21 23
22 23
23 23
24 24
25 25
26 25
27 27
28 28
29 30
30 31
31 32
32 32
33 32
34 38
35 40
36 40
37 40
38 42
39 45
40 45
41 45
42 45
43 46
44 46
45 47
46 51
47 52
48 52
49 55
50 56
51 58
52 59
53 59
54 59
55 61
56 61
57 63
58 67
59 68
60 68
61 74
62 75
63 75
64 78
65 82
66 82
67 85
68 86
69 86
70 86
71 87
72 87
73 87
74 88
75 89
76 90
77 90
78 90
79 91
80 94
81 94
82 96
83 96
84 97
85 98
86 98
87 100
88 100
89 100
90 102
91 108
92 111
93 111
94 112
95 112
96 113
97 115
98 115
99 115
100 116
101 117
102 117
103 118
104 120
105 120
106 120
107 122
108 123
109 123
110 123
111 123
112 125
113 125
114 126
115 128
116 131
117 132
118 133
119 133
120 134
121 134
122 136
123 136
124 139
125 139
126 140
127 140
128 141
129 141
130 142
131 142
132 143
133 143
134 143
135 144
136 146
137 147
138 147
139 147
140 148
141 149
142 149
143 149
144 150
145 150
146 151
147 151
148 151
149 154
150 155
151 157
152 157
153 157
154 157
155 159
156 160
157 163
158 163
159 163
160 163
161 165
162 167
163 167
164 170
165 170
166 171
167 172
168 172
169 174
170 174
171 174
172 175
173 175
174 175
175 176
176 177
177 178
178 180
179 180
180 181
181 182
182 184
183 185
184 185
185 187
186 187
187 188
188 188
189 189
190 189
191 189
192 192
193 194
194 194
195 196
196 196
197 196
198 197
199 198
200 202
201 202
202 204
203 205
204 206
205 206
206 207
207 210
208 210
209 214
210 215
211 216
212 216
213 218
214 218
215 221
216 222
217 222
218 223
219 223
220 228
221 229
222 229
223 230
224 230
225 231
226 233
227 234
228 235
229 236
230 237
231 237
232 239
233 241
234 241
235 242
236 244
237 245
238 245
239 246
240 246
241 247
242 247
243 248
244 249
245 250
246 251
247 252
248 252
249 253
250 254
251 254
252 255
253 256
254 257
255 257
256 258
257 259
258 260
259 260
260 261
261 261
262 264
263 264
264 264
265 265
266 267
267 268
268 268
269 272
270 274
271 277
272 278
273 279
274 280
275 281
276 281
277 282
278 282
279 282
280 283
281 283
282 283
283 283
284 284
285 284
286 285
287 286
288 287
289 287
290 287
291 289
292 292
293 294
294 294
295 295
296 295
297 297
298 298
299 298
300 298
301 298
302 301
303 303
304 305
305 308
306 309
307 309
308 311
309 311
310 312
311 312
312 313
313 314
314 315
315 315
316 315
317 319
318 319
319 319
320 320
321 320
322 320
323 320
324 321
325 321
326 321
327 323
328 326
329 328
330 331
331 331
332 333
333 333
334 334
335 336
336 336
337 337
338 340
339 341
340 341
341 342
342 345
343 345
344 345
345 346
346 346
347 346
348 347
349 347
350 348
351 350
352 352
353 353
354 355
355 357
356 358
357 358
358 359
359 361
360 362
361 362
362 363
363 365
364 368
365 369
366 370
367 371
368 371
369 371
370 374
371 374
372 374
373 375
374 375
375 377
376 378
377 378
378 380
379 380
380 382
381 384
382 386
383 387
384 387
385 388
386 390
387 391
388 392
389 395
390 396
391 397
392 397
393 397
394 401
395 401
396 402
397 406
398 407
399 407
400 408
401 408
402 408
403 408
404 408
405 409
406 410
407 410
408 411
409 412
410 412
411 413
412 413
413 414
414 415
415 415
416 416
417 418
418 421
419 421
420 423
421 424
422 427
423 428
424 430
425 430
426 431
427 432
428 433
429 434
430 435
431 436
432 436
433 438
434 438
435 440
436 442
437 442
438 443
439 443
440 445
441 447
442 447
443 448
444 449
445 449
446 450
447 451
448 451
449 453
450 454
451 454
452 455
453 456
454 457
455 457
456 460
457 461
458 461
459 463
460 468
461 468
462 470
463 476
464 476
465 477
466 479
467 480
468 483
469 483
470 484
471 485
472 488
473 488
474 489
475 492
476 493
477 494
478 496
479 496
480 497
481 498
482 498
483 501
484 502
485 502
486 502
487 503
488 503
489 504
490 505
491 505
492 505
493 506
494 507
495 508
496 509
497 509
498 509
499 509
500 510
501 510
502 511
503 514
504 515
505 515
506 516
507 516
508 517
509 519
510 523
511 524
512 525
513 526
514 526
515 527
516 527
517 528
518 528
519 528
520 529
521 533
522 534
523 535
524 537
525 538
526 538
527 539
528 539
529 542
530 542
531 542
532 544
533 544
534 544
535 544
536 545
537 545
538 547
539 548
540 549
541 550
542 551
543 551
544 552
545 553
546 553
547 554
548 554
549 555
550 557
551 560
552 560
553 561
554 563
555 563
556 565
557 567
558 567
559 568
560 570
561 570
562 572
563 573
564 574
565 574
566 578
567 578
568 579
569 580
570 581
571 581
572 582
573 582
574 584
575 585
576 587
577 588
578 588
579 589
580 589
581 589
582 591
583 591
584 592
585 593
586 594
587 594
588 597
589 598
590 599
591 602
592 603
593 605
594 605
595 606
596 609
597 609
598 610
599 610
600 612
601 613
602 614
603 615
604 615
605 617
606 617
607 617
608 619
609 619
610 619
611 620
612 620
613 621
614 621
615 623
616 625
617 626
618 627
619 628
620 628
621 629
622 629
623 629
624 630
625 630
626 631
627 631
628 632
629 632
630 633
631 634
632 635
633 638
634 639
635 641
636 645
637 646
638 646
639 647
640 648
641 648
642 648
643 650
644 650
645 650
646 651
647 651
648 651
649 656
650 658
651 659
652 660
653 661
654 661
655 661
656 662
657 663
658 664
659 664
660 665
661 666
662 667
663 667
664 668
665 669
666 670
667 671
668 672
669 672
670 674
671 674
672 675
673 677
674 677
675 677
676 678
677 678
678 678
679 680
680 680
681 681
682 683
683 683
684 692
685 693
686 694
687 696
688 696
689 697
690 698
691 699
692 699
693 700
694 705
695 705
696 706
697 708
698 709
699 709
700 714
701 715
702 715
703 715
704 717
705 718
706 718
707 719
708 720
709 722
710 723
711 724
712 725
713 727
714 728
715 728
716 729
717 730
718 732
719 732
720 732
721 732
722 733
723 733
724 734
725 734
726 734
727 736
728 736
729 737
730 737
731 738
732 739
733 740
734 740
735 741
736 741
737 741
738 743
739 744
740 744
741 745
742 746
743 748
744 749
745 749
746 749
747 751
748 751
749 751
750 752
751 754
752 755
753 755
754 755
755 756
756 758
757 758
758 759
759 759
760 759
761 759
762 765
763 765
764 765
765 766
766 767
767 767
768 767
769 767
770 768
771 768
772 769
773 770
774 773
775 773
776 777
777 779
778 780
779 781
780 783
781 783
782 783
783 786
784 787
785 787
786 787
787 787
788 789
789 790
790 791
791 792
792 792
793 795
794 800
795 800
796 800
797 800
798 801
799 801
800 802
801 802
802 804
803 804
804 805
805 805
806 806
807 809
808 814
809 814
810 815
811 816
812 816
813 817
814 817
815 817
816 819
817 819
818 819
819 820
820 820
821 822
822 822
823 824
824 825
825 825
826 826
827 826
828 827
829 830
830 832
831 834
832 834
833 838
834 839
835 839
836 841
837 841
838 843
839 844
840 844
841 845
842 845
843 847
844 847
845 848
846 848
847 849
848 850
849 850
850 851
851 851
852 852
853 852
854 855
855 855
856 856
857 857
858 858
859 859
860 859
861 860
862 860
863 861
864 862
865 862
866 863
867 864
868 865
869 867
870 867
871 867
872 867
873 870
874 870
875 871
876 871
877 872
878 878
879 878
880 879
881 879
882 879
883 879
884 880
885 881
886 881
887 881
888 882
889 886
890 887
891 887
892 888
893 888
894 889
895 892
896 892
897 892
898 894
899 894
900 898
901 899
902 901
903 902
904 903
905 907
906 908
907 908
908 908
909 910
910 910
911 912
912 912
913 912
914 912
915 914
916 914
917 914
918 915
919 919
920 920
921 922
922 922
923 922
924 923
925 925
926 927
927 929
928 929
929 931
930 932
931 933
932 933
933 933
934 933
935 934
936 935
937 937
938 937
939 938
940 938
941 941
942 941
943 941
944 942
945 942
946 942
947 944
948 945
949 950
950 951
951 951
952 952
953 953
954 956
955 958
956 958
957 961
958 962
959 963
960 963
961 963
962 965
963 965
964 965
965 966
966 970
967 970
968 972
969 973
970 973
971 973
972 973
973 973
974 976
975 977
976 977
977 977
978 978
979 979
980 980
981 980
982 980
983 981
984 985
985 986
986 986
987 986
988 988
989 990
990 991
991 992
992 994
993 997
994 997
995 997
996 997
997 997
998 998
999 999
